000.227
000.228
000.229
000.230
000.231
000.232
000.233
000.234
000.235
000.236
000.237
001.227
001.228
001.229
001.230
001.231
001.232
001.233
001.234
001.235
001.236
001.237
002.227
002.228
002.229
002.230
002.231
002.232
002.233
002.234
002.235
002.236
002.237
003.227
003.228
003.229
003.230
003.231
003.232
003.233
003.234
003.235
003.236
003.237
004.227
004.228
004.229
004.230
004.231
004.232
004.233
004.234
004.235
004.236
004.237
005.227
005.228
005.229
005.230
005.231
005.232
005.233
005.234
005.235
005.236
005.237
006.227
006.228
006.229
006.230
006.231
006.232
006.233
006.234
006.235
006.236
006.237
007.227
007.228
007.229
007.230
007.231
007.232
007.233
007.234
007.235
007.236
007.237
008.227
008.228
008.229
008.230
008.231
008.232
008.233
008.234
008.235
008.236
008.237
009.227
009.228
009.229
009.230
009.231
009.232
009.233
009.234
009.235
009.236
009.237
010.227
010.228
010.229
010.230
010.231
010.232
010.233
010.234
010.235
010.236
010.237
011.227
011.228
011.229
011.230
011.231
011.232
011.233
011.234
011.235
011.236
011.237
012.227
012.228
012.229
012.230
012.231
012.232
012.233
012.234
012.235
012.236
012.237
013.227
013.228
013.229
013.230
013.231
013.232
013.233
013.234
013.235
013.236
013.237
014.227
014.228
014.229
014.230
014.231
014.232
014.233
014.234
014.235
014.236
014.237
015.227
015.228
015.229
015.230
015.231
015.232
015.233
015.234
015.235
015.236
015.237
016.227
016.228
016.229
016.230
016.231
016.232
016.233
016.234
016.235
016.236
016.237
017.227
017.228
017.229
017.230
017.231
017.232
017.233
017.234
017.235
017.236
017.237
018.227
018.228
018.229
018.230
018.231
018.232
018.233
018.234
018.235
018.236
018.237
019.227
019.228
019.229
019.230
019.231
019.232
019.233
019.234
019.235
019.236
019.237
020.227
020.228
020.229
020.230
020.231
020.232
020.233
020.234
020.235
020.236
020.237
021.228
021.229
021.230
021.231
021.232
021.233
021.234
021.235
021.236
021.237
022.228
022.229
022.230
022.231
022.232
022.233
022.234
022.235
022.236
022.237
023.228
023.229
023.230
023.231
023.232
023.233
023.234
023.235
023.236
023.237
024.228
024.229
024.230
024.231
024.232
024.233
024.234
024.235
024.236
024.237
024.350
025.228
025.229
025.230
025.231
025.232
025.233
025.234
025.235
025.236
025.237
025.350
026.228
026.229
026.230
026.231
026.232
026.233
026.234
026.235
026.236
026.237
026.349
027.228
027.229
027.230
027.231
027.232
027.233
027.234
027.235
027.236
027.237
027.349
027.350
028.228
028.229
028.230
028.231
028.232
028.233
028.234
028.235
028.236
028.237
028.346
028.348
028.349
028.350
029.228
029.229
029.230
029.231
029.232
029.233
029.234
029.235
029.236
029.237
029.346
029.348
029.349
030.228
030.229
030.230
030.231
030.232
030.233
030.234
030.235
030.236
030.237
030.345
030.346
030.347
030.348
030.349
031.228
031.229
031.230
031.231
031.232
031.233
031.234
031.235
031.236
031.237
031.345
031.346
031.347
031.349
032.228
032.229
032.230
032.231
032.232
032.233
032.234
032.235
032.236
032.237
032.344
032.345
032.346
032.347
032.348
033.228
033.229
033.230
033.231
033.232
033.233
033.234
033.235
033.236
033.237
033.344
033.345
033.346
033.347
033.348
034.228
034.229
034.230
034.231
034.232
034.233
034.234
034.235
034.236
034.237
034.343
034.344
034.345
034.346
034.348
035.221
035.222
035.223
035.228
035.229
035.230
035.231
035.232
035.233
035.234
035.235
035.236
035.237
035.343
035.344
035.345
035.346
035.347
036.221
036.222
036.223
036.228
036.229
036.230
036.231
036.232
036.233
036.234
036.235
036.236
036.237
036.343
036.344
036.345
036.346
036.347
037.221
037.222
037.223
037.224
037.228
037.229
037.230
037.231
037.232
037.233
037.234
037.235
037.236
037.237
037.343
037.344
037.345
037.346
037.347
038.221
038.222
038.223
038.224
038.229
038.230
038.231
038.232
038.233
038.234
038.235
038.236
038.237
038.343
038.344
038.345
038.346
039.221
039.222
039.223
039.224
039.230
039.231
039.232
039.233
039.234
039.235
039.236
039.237
039.343
039.344
039.345
039.346
040.221
040.222
040.223
040.224
040.230
040.231
040.232
040.233
040.234
040.235
040.236
040.237
040.343
040.344
040.345
040.346
041.222
041.223
041.224
041.230
041.231
041.232
041.233
041.234
041.235
041.236
041.237
041.343
041.344
041.345
042.230
042.231
042.232
042.233
042.234
042.235
042.236
042.237
042.342
042.343
042.344
042.345
043.230
043.231
043.232
043.233
043.234
043.235
043.236
043.237
043.342
043.343
043.344
043.345
044.230
044.231
044.232
044.233
044.234
044.235
044.236
044.237
044.342
044.343
044.344
045.230
045.231
045.232
045.233
045.234
045.235
045.236
045.237
045.342
045.343
045.344
046.230
046.231
046.232
046.233
046.234
046.235
046.236
046.237
046.342
046.343
046.344
047.230
047.231
047.232
047.233
047.234
047.235
047.236
047.237
047.341
047.342
047.343
048.230
048.231
048.232
048.233
048.234
048.235
048.236
048.237
048.340
048.341
048.342
048.343
049.230
049.231
049.232
049.233
049.234
049.235
049.236
049.237
049.340
049.341
049.342
050.232
050.233
050.234
050.235
050.236
050.237
050.339
050.340
050.341
050.342
051.217
051.218
051.219
051.232
051.233
051.234
051.235
051.236
051.237
051.339
051.340
051.341
052.217
052.218
052.219
052.233
052.234
052.235
052.236
052.237
052.338
052.339
052.340
053.217
053.218
053.219
053.233
053.234
053.235
053.236
053.237
053.338
053.339
053.340
054.217
054.218
054.219
054.233
054.234
054.235
054.236
054.237
054.337
054.338
054.339
054.340
055.221
055.222
055.236
055.237
055.337
055.338
055.339
056.220
056.221
056.222
056.336
056.337
056.338
056.339
057.220
057.221
057.222
057.336
057.337
057.338
057.345
058.220
058.221
058.336
058.337
058.338
058.345
059.328
059.335
059.336
059.337
059.338
059.343
059.345
060.328
060.334
060.335
060.336
060.337
060.338
060.343
060.344
061.327
061.328
061.334
061.335
061.336
061.337
061.338
061.343
061.344
062.327
062.328
062.333
062.334
062.335
062.336
062.337
062.343
062.344
063.327
063.328
063.333
063.334
063.335
063.336
063.337
063.342
063.343
063.344
064.327
064.328
064.333
064.334
064.335
064.336
064.337
064.342
064.343
065.327
065.328
065.333
065.334
065.335
065.336
065.337
065.341
065.342
065.343
066.168
066.169
066.170
066.171
066.172
066.173
066.174
066.327
066.328
066.332
066.333
066.334
066.335
066.336
066.337
066.341
066.342
066.343
067.168
067.169
067.170
067.171
067.172
067.173
067.174
067.327
067.328
067.332
067.333
067.334
067.335
067.336
067.337
067.341
067.342
067.343
068.167
068.168
068.169
068.170
068.171
068.172
068.173
068.174
068.327
068.328
068.331
068.332
068.333
068.334
068.335
068.336
068.337
068.340
068.341
068.342
068.343
069.167
069.168
069.169
069.170
069.171
069.172
069.173
069.174
069.327
069.328
069.331
069.332
069.333
069.334
069.335
069.336
069.337
069.340
069.341
069.342
069.343
070.167
070.168
070.169
070.170
070.171
070.172
070.173
070.174
070.327
070.328
070.331
070.332
070.333
070.334
070.335
070.336
070.337
070.340
070.341
070.342
070.343
071.167
071.168
071.169
071.170
071.171
071.172
071.173
071.174
071.327
071.328
071.330
071.331
071.332
071.333
071.334
071.335
071.336
071.337
071.340
071.341
071.342
071.343
072.167
072.168
072.169
072.170
072.171
072.172
072.173
072.174
072.327
072.328
072.329
072.330
072.331
072.332
072.333
072.334
072.335
072.336
072.337
072.339
072.340
072.341
072.342
072.343
073.167
073.168
073.169
073.170
073.171
073.172
073.173
073.174
073.327
073.328
073.329
073.330
073.331
073.332
073.333
073.334
073.335
073.336
073.337
073.339
073.340
073.341
073.342
074.167
074.168
074.169
074.170
074.171
074.172
074.173
074.174
074.327
074.328
074.329
074.330
074.331
074.332
074.333
074.334
074.335
074.336
074.337
074.339
074.340
074.341
074.342
075.167
075.168
075.169
075.170
075.171
075.172
075.173
075.174
075.327
075.328
075.329
075.330
075.331
075.332
075.333
075.334
075.335
075.336
075.337
075.338
075.339
075.340
075.341
075.342
076.168
076.169
076.170
076.171
076.172
076.173
076.316
076.326
076.327
076.328
076.329
076.330
076.331
076.332
076.333
076.334
076.335
076.336
076.337
076.338
076.339
076.340
076.341
076.342
077.316
077.326
077.327
077.328
077.329
077.330
077.331
077.332
077.333
077.334
077.335
077.336
077.337
077.338
077.339
077.340
077.341
077.342
078.315
078.316
078.325
078.326
078.327
078.328
078.329
078.330
078.331
078.332
078.333
078.334
078.335
078.336
078.337
078.338
078.339
078.340
078.341
079.314
079.315
079.316
079.325
079.326
079.327
079.328
079.329
079.330
079.331
079.332
079.333
079.334
079.335
079.336
079.337
079.338
079.339
079.340
079.341
079.343
080.314
080.315
080.316
080.324
080.325
080.326
080.327
080.328
080.329
080.330
080.331
080.332
080.333
080.334
080.335
080.336
080.337
080.338
080.339
080.340
080.341
080.343
081.313
081.314
081.315
081.316
081.324
081.325
081.326
081.327
081.328
081.329
081.330
081.331
081.332
081.333
081.334
081.335
081.336
081.337
081.338
081.339
081.341
081.343
082.312
082.313
082.314
082.315
082.316
082.323
082.324
082.325
082.326
082.327
082.328
082.329
082.330
082.331
082.333
082.334
082.335
082.336
082.337
082.338
082.339
083.312
083.313
083.314
083.315
083.316
083.322
083.323
083.324
083.325
083.326
083.327
083.328
083.329
083.330
083.331
083.333
083.334
083.335
083.336
083.337
083.338
083.339
083.342
084.311
084.312
084.313
084.314
084.315
084.316
084.320
084.322
084.323
084.324
084.325
084.326
084.327
084.328
084.329
084.330
084.331
084.332
084.333
084.334
084.335
084.336
084.337
084.338
084.339
084.342
085.311
085.312
085.313
085.314
085.315
085.316
085.320
085.321
085.322
085.323
085.324
085.325
085.326
085.327
085.328
085.329
085.330
085.331
085.332
085.333
085.334
085.335
085.336
085.337
085.338
085.342
086.310
086.311
086.312
086.313
086.314
086.315
086.316
086.319
086.320
086.321
086.322
086.323
086.324
086.325
086.326
086.327
086.328
086.329
086.330
086.332
086.333
086.334
086.335
086.336
086.337
086.338
086.342
087.310
087.311
087.312
087.313
087.314
087.315
087.316
087.318
087.319
087.320
087.321
087.322
087.323
087.324
087.325
087.326
087.327
087.328
087.329
087.330
087.331
087.332
087.333
087.334
087.335
087.336
087.337
087.338
087.339
087.341
087.342
088.309
088.310
088.311
088.312
088.313
088.314
088.315
088.316
088.318
088.319
088.320
088.321
088.322
088.323
088.324
088.325
088.326
088.327
088.328
088.329
088.330
088.331
088.332
088.333
088.334
088.335
088.336
088.337
088.339
088.341
089.309
089.310
089.311
089.312
089.313
089.314
089.315
089.316
089.317
089.318
089.319
089.320
089.321
089.322
089.323
089.324
089.325
089.326
089.327
089.328
089.329
089.330
089.331
089.333
089.334
089.335
089.336
089.337
089.339
089.341
090.309
090.310
090.311
090.312
090.313
090.314
090.315
090.316
090.317
090.318
090.319
090.320
090.321
090.322
090.323
090.324
090.325
090.326
090.327
090.328
090.329
090.330
090.331
090.332
090.333
090.334
090.335
090.336
090.337
090.339
090.341
091.308
091.309
091.310
091.311
091.312
091.313
091.314
091.315
091.316
091.317
091.318
091.319
091.320
091.321
091.322
091.323
091.324
091.325
091.326
091.328
091.329
091.330
091.331
091.332
091.333
091.334
091.335
091.336
091.337
091.338
091.339
091.341
092.308
092.309
092.310
092.311
092.312
092.313
092.314
092.315
092.316
092.317
092.318
092.319
092.320
092.321
092.322
092.323
092.324
092.325
092.326
092.328
092.329
092.330
092.331
092.332
092.333
092.334
092.335
092.336
092.337
092.338
092.340
092.341
093.307
093.308
093.309
093.310
093.311
093.312
093.313
093.314
093.315
093.316
093.317
093.318
093.319
093.320
093.321
093.322
093.323
093.324
093.325
093.328
093.329
093.330
093.331
093.332
093.333
093.334
093.335
093.336
093.337
093.338
093.340
094.306
094.307
094.308
094.309
094.310
094.311
094.312
094.313
094.314
094.315
094.316
094.317
094.318
094.319
094.320
094.321
094.322
094.323
094.327
094.328
094.329
094.330
094.331
094.332
094.333
094.334
094.335
094.336
094.337
094.338
094.340
095.306
095.307
095.308
095.309
095.310
095.311
095.312
095.313
095.314
095.315
095.316
095.317
095.318
095.319
095.320
095.321
095.322
095.327
095.328
095.329
095.330
095.331
095.332
095.333
095.334
095.335
095.336
095.337
095.338
095.340
096.305
096.306
096.307
096.308
096.309
096.310
096.311
096.312
096.313
096.314
096.315
096.316
096.317
096.318
096.319
096.320
096.321
096.322
096.327
096.328
096.329
096.330
096.331
096.332
096.333
096.334
096.335
096.336
096.337
096.338
096.340
097.305
097.306
097.307
097.308
097.309
097.310
097.311
097.312
097.313
097.314
097.315
097.316
097.317
097.318
097.319
097.320
097.321
097.322
097.327
097.328
097.329
097.330
097.331
097.332
097.333
097.334
097.335
097.336
097.337
098.304
098.305
098.306
098.307
098.308
098.309
098.310
098.311
098.312
098.313
098.314
098.315
098.316
098.317
098.318
098.319
098.320
098.321
098.322
098.327
098.328
098.329
098.330
098.331
098.332
098.333
098.334
098.335
098.336
098.337
098.338
098.339
099.303
099.304
099.305
099.306
099.307
099.308
099.309
099.310
099.311
099.312
099.313
099.314
099.315
099.316
099.317
099.318
099.319
099.320
099.321
099.322
099.327
099.328
099.329
099.330
099.331
099.332
099.333
099.334
099.335
099.336
099.337
099.338
099.339
100.303
100.304
100.305
100.306
100.307
100.308
100.309
100.310
100.311
100.312
100.313
100.314
100.315
100.316
100.317
100.318
100.319
100.320
100.321
100.322
100.327
100.328
100.329
100.330
100.331
100.332
100.333
100.334
100.335
100.336
100.337
100.338
100.339
101.302
101.303
101.304
101.305
101.306
101.307
101.308
101.309
101.310
101.311
101.312
101.313
101.314
101.315
101.316
101.317
101.318
101.319
101.320
101.321
101.322
101.328
101.329
101.330
101.331
101.332
101.333
101.334
101.335
101.336
101.337
101.338
101.339
102.302
102.303
102.304
102.305
102.306
102.307
102.308
102.309
102.310
102.311
102.312
102.313
102.314
102.315
102.316
102.317
102.318
102.319
102.320
102.321
102.322
102.327
102.328
102.329
102.330
102.331
102.332
102.333
102.334
102.335
102.336
102.337
102.338
103.301
103.302
103.303
103.304
103.305
103.306
103.307
103.308
103.309
103.310
103.311
103.312
103.313
103.314
103.315
103.316
103.317
103.318
103.319
103.320
103.321
103.322
103.327
103.328
103.329
103.330
103.331
103.332
103.333
103.334
103.335
103.336
103.337
103.338
104.301
104.302
104.303
104.304
104.305
104.306
104.307
104.308
104.309
104.310
104.311
104.312
104.313
104.314
104.315
104.316
104.317
104.318
104.319
104.320
104.321
104.322
104.327
104.328
104.329
104.330
104.331
104.332
104.333
104.334
104.335
104.336
104.337
104.338
105.301
105.302
105.303
105.304
105.305
105.306
105.307
105.308
105.309
105.310
105.311
105.312
105.313
105.314
105.315
105.316
105.317
105.318
105.319
105.320
105.321
105.322
105.326
105.327
105.328
105.329
105.330
105.331
105.332
105.333
105.334
105.335
105.336
105.337
105.338
106.300
106.301
106.302
106.303
106.304
106.305
106.306
106.307
106.308
106.309
106.310
106.311
106.312
106.313
106.314
106.315
106.317
106.318
106.319
106.320
106.321
106.326
106.327
106.328
106.329
106.330
106.331
106.332
106.333
106.334
106.335
106.336
106.337
106.338
107.299
107.300
107.301
107.302
107.303
107.304
107.305
107.306
107.307
107.308
107.309
107.310
107.311
107.312
107.313
107.314
107.317
107.318
107.319
107.320
107.321
107.326
107.327
107.328
107.329
107.330
107.331
107.332
107.333
107.334
107.335
107.336
107.337
108.299
108.300
108.301
108.302
108.303
108.304
108.305
108.306
108.307
108.308
108.309
108.310
108.311
108.312
108.313
108.314
108.317
108.318
108.319
108.320
108.321
108.325
108.326
108.327
108.328
108.329
108.330
108.331
108.332
108.333
108.334
108.335
108.336
108.337
109.298
109.299
109.300
109.301
109.302
109.303
109.304
109.305
109.306
109.307
109.308
109.309
109.310
109.311
109.312
109.313
109.317
109.318
109.319
109.320
109.325
109.326
109.327
109.328
109.329
109.330
109.331
109.332
109.333
109.334
109.335
109.336
109.337
110.297
110.298
110.300
110.301
110.302
110.303
110.304
110.305
110.306
110.307
110.308
110.309
110.310
110.311
110.312
110.317
110.318
110.319
110.320
110.325
110.326
110.327
110.328
110.329
110.330
110.331
110.332
110.333
110.334
110.335
110.336
110.337
111.297
111.300
111.301
111.302
111.303
111.304
111.305
111.307
111.308
111.309
111.310
111.311
111.312
111.317
111.318
111.319
111.320
111.325
111.326
111.327
111.328
111.329
111.330
111.331
111.332
111.333
111.334
111.335
111.336
112.300
112.301
112.302
112.303
112.304
112.305
112.307
112.308
112.309
112.310
112.311
112.317
112.318
112.319
112.324
112.325
112.326
112.327
112.328
112.329
112.330
112.331
112.332
112.333
112.334
112.335
112.336
113.300
113.301
113.302
113.303
113.304
113.307
113.308
113.309
113.310
113.311
113.317
113.318
113.323
113.324
113.325
113.326
113.327
113.328
113.329
113.330
113.331
113.332
113.333
113.334
113.335
113.336
114.300
114.301
114.302
114.303
114.307
114.308
114.309
114.310
114.317
114.318
114.323
114.324
114.325
114.326
114.327
114.328
114.329
114.330
114.331
114.332
114.333
114.334
114.335
114.336
115.300
115.301
115.302
115.303
115.307
115.308
115.309
115.310
115.317
115.323
115.324
115.325
115.326
115.327
115.328
115.329
115.330
115.331
115.332
115.333
115.334
115.335
115.336
116.300
116.301
116.302
116.307
116.308
116.309
116.310
116.316
116.317
116.322
116.323
116.324
116.325
116.326
116.327
116.328
116.329
116.330
116.331
116.332
116.333
116.334
116.335
117.300
117.301
117.302
117.307
117.308
117.309
117.316
117.322
117.323
117.324
117.325
117.326
117.327
117.328
117.329
117.330
117.331
117.332
117.333
117.334
117.335
118.300
118.301
118.302
118.307
118.308
118.309
118.315
118.316
118.322
118.323
118.324
118.325
118.326
118.327
118.328
118.329
118.330
118.331
118.332
118.333
118.334
118.335
119.300
119.301
119.307
119.308
119.314
119.315
119.316
119.321
119.322
119.323
119.324
119.325
119.326
119.327
119.328
119.329
119.330
119.331
119.332
119.333
119.334
119.335
120.300
120.301
120.307
120.308
120.314
120.315
120.316
120.321
120.322
120.323
120.324
120.325
120.326
120.327
120.328
120.329
120.330
120.331
120.332
120.333
120.334
120.335
121.300
121.307
121.313
121.314
121.315
121.316
121.321
121.322
121.323
121.324
121.325
121.326
121.327
121.328
121.329
121.330
121.331
121.332
121.333
121.334
121.335
122.313
122.314
122.315
122.321
122.322
122.323
122.324
122.325
122.326
122.327
122.328
122.329
122.330
122.331
122.332
122.333
122.334
123.312
123.313
123.314
123.315
123.320
123.321
123.322
123.323
123.324
123.325
123.326
123.327
123.328
123.329
123.330
123.331
123.332
123.333
123.334
124.312
124.313
124.314
124.320
124.321
124.322
124.323
124.324
124.325
124.326
124.327
124.328
124.329
124.330
124.331
124.332
124.333
124.334
125.311
125.312
125.313
125.314
125.319
125.320
125.321
125.322
125.323
125.324
125.325
125.326
125.327
125.328
125.329
125.330
125.331
125.332
125.333
125.334
126.311
126.312
126.313
126.314
126.319
126.320
126.321
126.322
126.323
126.324
126.325
126.326
126.327
126.328
126.329
126.330
126.331
126.332
126.333
126.334
127.310
127.311
127.312
127.313
127.319
127.320
127.321
127.322
127.323
127.324
127.325
127.326
127.327
127.328
127.329
127.330
127.331
127.332
127.333
128.310
128.311
128.312
128.313
128.318
128.319
128.320
128.321
128.322
128.323
128.324
128.325
128.326
128.327
128.328
128.329
128.330
128.331
128.332
128.333
129.309
129.310
129.311
129.312
129.318
129.319
129.320
129.321
129.322
129.323
129.324
129.325
129.326
129.327
129.328
129.329
129.330
129.331
129.332
129.333
130.309
130.310
130.311
130.312
130.317
130.318
130.319
130.320
130.321
130.322
130.323
130.324
130.325
130.326
130.327
130.328
130.329
130.330
130.331
130.332
130.333
131.308
131.309
131.310
131.311
131.312
131.317
131.318
131.319
131.320
131.321
131.322
131.323
131.324
131.325
131.326
131.327
131.328
131.329
131.330
131.331
131.332
131.333
132.308
132.309
132.310
132.311
132.312
132.317
132.318
132.319
132.320
132.321
132.322
132.323
132.324
132.325
132.326
132.327
132.328
132.329
132.330
132.331
132.332
133.307
133.308
133.309
133.310
133.311
133.316
133.317
133.318
133.319
133.320
133.321
133.322
133.323
133.324
133.325
133.326
133.327
133.328
133.329
133.330
133.331
133.332
134.307
134.308
134.309
134.310
134.311
134.316
134.317
134.318
134.319
134.320
134.321
134.322
134.323
134.324
134.325
134.326
134.327
134.328
134.329
134.330
134.331
134.332
135.306
135.307
135.308
135.309
135.310
135.315
135.316
135.317
135.318
135.319
135.320
135.321
135.322
135.323
135.324
135.325
135.326
135.327
135.328
135.329
135.330
135.331
135.332
136.306
136.307
136.308
136.309
136.310
136.315
136.316
136.317
136.318
136.319
136.320
136.321
136.322
136.323
136.324
136.325
136.326
136.327
136.328
136.329
136.330
136.331
136.332
137.305
137.306
137.307
137.308
137.309
137.310
137.315
137.316
137.317
137.318
137.319
137.320
137.321
137.322
137.323
137.324
137.325
137.326
137.327
137.328
137.329
137.330
137.331
138.304
138.305
138.306
138.307
138.308
138.309
138.314
138.315
138.316
138.317
138.318
138.319
138.320
138.321
138.322
138.323
138.324
138.325
138.326
138.327
138.328
138.329
138.330
138.331
139.304
139.305
139.306
139.307
139.308
139.309
139.314
139.315
139.316
139.317
139.318
139.319
139.320
139.321
139.322
139.323
139.324
139.325
139.326
139.327
139.328
139.329
139.330
139.331
140.303
140.304
140.305
140.306
140.307
140.308
140.313
140.314
140.315
140.316
140.317
140.318
140.319
140.320
140.321
140.322
140.323
140.324
140.325
140.326
140.327
140.328
140.329
140.330
140.331
141.303
141.304
141.305
141.306
141.307
141.308
141.313
141.314
141.315
141.316
141.317
141.318
141.319
141.320
141.321
141.322
141.323
141.324
141.325
141.326
141.327
141.328
141.329
141.330
141.331
142.302
142.303
142.304
142.305
142.306
142.307
142.308
142.313
142.314
142.315
142.316
142.317
142.318
142.319
142.320
142.321
142.322
142.323
142.324
142.325
142.326
142.327
142.328
142.329
142.330
143.302
143.303
143.304
143.305
143.306
143.307
143.312
143.313
143.314
143.315
143.316
143.317
143.318
143.319
143.320
143.321
143.322
143.323
143.324
143.325
143.326
143.327
143.328
143.329
143.330
144.301
144.302
144.303
144.304
144.305
144.306
144.307
144.312
144.313
144.314
144.315
144.316
144.317
144.318
144.319
144.320
144.321
144.322
144.323
144.324
144.325
144.326
144.327
144.328
144.329
144.330
145.301
145.302
145.303
145.304
145.305
145.306
145.311
145.312
145.313
145.314
145.315
145.316
145.317
145.318
145.319
145.320
145.321
145.322
145.323
145.324
145.325
145.326
145.327
145.328
145.329
145.330
146.300
146.301
146.302
146.303
146.304
146.305
146.306
146.311
146.312
146.313
146.314
146.315
146.316
146.317
146.318
146.319
146.320
146.321
146.322
146.323
146.324
146.325
146.326
146.327
146.328
146.329
146.330
147.300
147.301
147.302
147.303
147.304
147.305
147.306
147.311
147.312
147.313
147.314
147.315
147.316
147.317
147.318
147.319
147.320
147.321
147.322
147.323
147.324
147.325
147.326
147.327
147.328
147.329
147.330
148.299
148.300
148.301
148.302
148.303
148.304
148.305
148.310
148.311
148.312
148.313
148.314
148.315
148.316
148.317
148.318
148.319
148.320
148.321
148.322
148.323
148.324
148.325
148.326
148.327
148.328
148.329
149.299
149.300
149.301
149.302
149.303
149.304
149.310
149.311
149.312
149.313
149.314
149.315
149.316
149.317
149.318
149.319
149.320
149.321
149.322
149.323
149.324
149.325
149.326
149.327
149.328
149.329
150.298
150.299
150.300
150.301
150.302
150.303
150.304
150.310
150.311
150.312
150.313
150.314
150.315
150.316
150.317
150.318
150.319
150.320
150.321
150.322
150.323
150.324
150.325
150.326
150.327
150.328
150.329
151.298
151.299
151.300
151.301
151.302
151.303
151.304
151.309
151.310
151.311
151.312
151.313
151.314
151.315
151.316
151.317
151.318
151.319
151.320
151.321
151.322
151.323
151.324
151.325
151.326
151.327
151.328
151.329
152.297
152.298
152.299
152.300
152.301
152.302
152.303
152.309
152.310
152.311
152.312
152.313
152.314
152.315
152.316
152.317
152.318
152.319
152.320
152.321
152.322
152.323
152.324
152.325
152.326
152.327
152.328
152.329
153.297
153.298
153.299
153.300
153.301
153.302
153.303
153.309
153.310
153.311
153.312
153.313
153.314
153.315
153.316
153.317
153.318
153.319
153.320
153.321
153.322
153.323
153.324
153.325
153.326
153.327
153.328
154.297
154.298
154.299
154.300
154.301
154.302
154.308
154.309
154.310
154.311
154.312
154.313
154.314
154.315
154.316
154.317
154.318
154.319
154.320
154.321
154.322
154.323
154.324
154.325
154.326
154.327
154.328
155.288
155.297
155.298
155.299
155.300
155.301
155.302
155.308
155.309
155.310
155.311
155.312
155.313
155.314
155.315
155.316
155.317
155.318
155.319
155.320
155.321
155.322
155.323
155.324
155.325
155.326
155.327
155.328
156.288
156.297
156.298
156.299
156.300
156.301
156.307
156.308
156.309
156.310
156.311
156.312
156.313
156.314
156.315
156.316
156.317
156.318
156.319
156.320
156.321
156.322
156.323
156.324
156.325
156.326
156.327
156.328
157.288
157.297
157.298
157.299
157.300
157.307
157.308
157.309
157.310
157.311
157.312
157.313
157.314
157.315
157.316
157.317
157.318
157.319
157.320
157.321
157.322
157.323
157.324
157.325
157.326
157.327
158.287
158.288
158.297
158.298
158.299
158.300
158.307
158.308
158.309
158.310
158.311
158.312
158.313
158.314
158.315
158.316
158.317
158.318
158.319
158.320
158.321
158.322
158.323
158.324
158.325
158.326
158.327
159.287
159.288
159.297
159.298
159.299
159.300
159.307
159.308
159.309
159.310
159.311
159.312
159.313
159.314
159.315
159.316
159.317
159.318
159.319
159.320
159.321
159.322
159.323
159.324
159.325
159.326
159.327
160.286
160.287
160.288
160.297
160.298
160.299
160.300
160.307
160.308
160.309
160.310
160.311
160.312
160.313
160.314
160.315
160.316
160.317
160.318
160.319
160.320
160.321
160.322
160.323
160.324
160.325
160.326
160.327
161.286
161.287
161.288
161.297
161.298
161.299
161.307
161.308
161.309
161.310
161.311
161.312
161.313
161.314
161.315
161.316
161.317
161.318
161.319
161.320
161.321
161.322
161.323
161.324
161.325
161.326
161.327
162.285
162.286
162.287
162.288
162.297
162.298
162.299
162.307
162.308
162.309
162.310
162.311
162.312
162.313
162.314
162.315
162.316
162.317
162.318
162.319
162.320
162.321
162.322
162.323
162.324
162.325
162.326
163.284
163.285
163.286
163.287
163.288
163.297
163.298
163.299
163.307
163.308
163.309
163.310
163.311
163.312
163.313
163.314
163.315
163.316
163.317
163.318
163.319
163.320
163.321
163.322
163.323
163.324
163.325
163.326
164.284
164.285
164.286
164.287
164.288
164.297
164.298
164.307
164.308
164.309
164.310
164.311
164.312
164.313
164.314
164.315
164.316
164.317
164.318
164.319
164.320
164.321
164.322
164.323
164.324
164.325
164.326
165.283
165.284
165.285
165.286
165.287
165.288
165.297
165.298
165.307
165.308
165.309
165.310
165.311
165.312
165.313
165.314
165.315
165.316
165.317
165.318
165.319
165.320
165.321
165.322
165.323
165.324
165.325
165.326
166.283
166.284
166.285
166.286
166.287
166.288
166.297
166.307
166.308
166.309
166.310
166.311
166.312
166.313
166.314
166.315
166.316
166.317
166.318
166.319
166.320
166.321
166.322
166.323
166.324
166.325
166.326
167.282
167.283
167.284
167.285
167.286
167.287
167.288
167.307
167.308
167.309
167.310
167.311
167.312
167.313
167.314
167.315
167.316
167.317
167.318
167.319
167.320
167.321
167.322
167.323
167.324
167.325
167.326
168.282
168.283
168.284
168.285
168.286
168.287
168.307
168.308
168.309
168.310
168.311
168.312
168.313
168.314
168.315
168.316
168.317
168.318
168.319
168.320
168.321
168.322
168.323
168.324
168.325
169.281
169.282
169.283
169.284
169.285
169.286
169.287
169.307
169.308
169.309
169.310
169.311
169.312
169.313
169.314
169.315
169.316
169.317
169.318
169.319
169.320
169.321
169.322
169.323
169.324
169.325
170.280
170.281
170.282
170.283
170.284
170.285
170.286
170.287
170.307
170.308
170.309
170.310
170.311
170.312
170.313
170.314
170.315
170.316
170.317
170.318
170.319
170.320
170.321
170.322
170.323
170.324
170.325
171.280
171.281
171.282
171.283
171.284
171.285
171.286
171.307
171.308
171.309
171.310
171.311
171.312
171.313
171.314
171.315
171.316
171.317
171.318
171.319
171.320
171.321
171.322
171.323
171.324
171.325
172.280
172.281
172.282
172.283
172.284
172.285
172.286
172.306
172.307
172.308
172.309
172.310
172.311
172.312
172.313
172.314
172.315
172.316
172.317
172.318
172.319
172.320
172.321
172.322
172.323
172.324
172.325
173.280
173.281
173.282
173.283
173.284
173.285
173.306
173.307
173.308
173.309
173.310
173.311
173.312
173.313
173.314
173.315
173.316
173.317
173.318
173.319
173.320
173.321
173.322
173.323
173.324
174.280
174.281
174.282
174.283
174.284
174.285
174.306
174.307
174.308
174.309
174.310
174.311
174.312
174.313
174.314
174.315
174.316
174.317
174.318
174.319
174.320
174.321
174.322
174.323
174.324
175.280
175.281
175.282
175.283
175.284
175.305
175.306
175.307
175.308
175.309
175.310
175.311
175.312
175.313
175.314
175.315
175.316
175.317
175.318
175.319
175.320
175.321
175.322
175.323
175.324
176.280
176.281
176.282
176.283
176.291
176.305
176.306
176.307
176.308
176.309
176.310
176.311
176.312
176.313
176.314
176.315
176.316
176.317
176.318
176.319
176.320
176.321
176.322
176.323
176.324
177.280
177.281
177.282
177.283
177.290
177.291
177.305
177.306
177.307
177.308
177.309
177.310
177.311
177.312
177.313
177.314
177.315
177.316
177.317
177.318
177.319
177.320
177.321
177.322
177.323
177.324
178.280
178.281
178.282
178.290
178.291
178.305
178.306
178.307
178.308
178.309
178.310
178.311
178.312
178.313
178.314
178.315
178.316
178.317
178.318
178.319
178.320
178.321
178.322
178.323
179.280
179.281
179.282
179.289
179.290
179.291
179.305
179.306
179.307
179.308
179.309
179.310
179.311
179.312
179.313
179.314
179.315
179.316
179.317
179.318
179.319
179.320
179.321
179.322
179.323
180.280
180.281
180.288
180.289
180.290
180.305
180.306
180.307
180.308
180.309
180.310
180.311
180.312
180.313
180.314
180.315
180.316
180.317
180.318
180.319
180.320
180.321
180.322
180.323
181.280
181.281
181.287
181.288
181.289
181.290
181.305
181.306
181.307
181.309
181.310
181.311
181.312
181.313
181.314
181.315
181.316
181.317
181.318
181.319
181.320
181.321
181.322
181.323
182.280
182.287
182.288
182.289
182.290
182.305
182.306
182.307
182.309
182.310
182.311
182.312
182.313
182.314
182.315
182.316
182.317
182.318
182.319
182.320
182.321
182.322
182.323
183.287
183.288
183.289
183.305
183.306
183.309
183.310
183.311
183.313
183.314
183.315
183.316
183.317
183.318
183.319
183.320
183.321
183.322
184.286
184.287
184.288
184.289
184.305
184.306
184.309
184.310
184.311
184.313
184.314
184.315
184.316
184.317
184.318
184.319
184.320
184.321
184.322
185.286
185.287
185.288
185.305
185.306
185.309
185.310
185.311
185.313
185.314
185.315
185.316
185.317
185.318
185.319
185.320
185.321
185.322
186.286
186.287
186.288
186.305
186.309
186.310
186.311
186.313
186.314
186.315
186.316
186.317
186.318
186.319
186.320
186.321
186.322
187.286
187.287
187.305
187.309
187.310
187.313
187.314
187.315
187.316
187.317
187.318
187.319
187.320
187.321
187.322
188.286
188.287
188.305
188.309
188.313
188.314
188.315
188.316
188.317
188.318
188.319
188.320
188.321
189.286
189.287
189.309
189.313
189.314
189.315
189.316
189.317
189.318
189.319
189.320
189.321
190.286
190.304
190.309
190.312
190.313
190.315
190.316
190.317
190.318
190.319
190.320
190.321
191.286
191.304
191.309
191.312
191.313
191.315
191.316
191.317
191.318
191.319
191.320
191.321
192.303
192.304
192.312
192.313
192.315
192.316
192.317
192.318
192.319
192.320
192.321
193.303
193.304
193.312
193.313
193.315
193.316
193.317
193.318
193.319
193.320
194.297
194.303
194.304
194.311
194.312
194.315
194.316
194.317
194.318
194.319
194.320
195.297
195.303
195.304
195.311
195.312
195.315
195.316
195.317
195.318
195.319
195.320
196.296
196.297
196.303
196.304
196.311
196.315
196.316
196.317
196.318
196.319
196.320
197.296
197.297
197.303
197.304
197.311
197.315
197.316
197.317
197.318
197.319
197.320
198.295
198.296
198.297
198.303
198.304
198.311
198.315
198.316
198.317
198.318
198.319
199.295
199.296
199.297
199.303
199.304
199.311
199.315
199.316
199.317
199.318
199.319
200.295
200.296
200.297
200.303
200.304
200.315
200.316
200.317
200.318
200.319
201.294
201.295
201.296
201.297
201.303
201.304
201.315
201.316
201.317
201.318
201.319
202.294
202.295
202.296
202.297
202.303
202.304
202.315
202.316
202.317
202.318
203.293
203.294
203.295
203.296
203.297
203.303
203.315
203.316
203.317
203.318
204.293
204.294
204.295
204.296
204.297
204.303
204.315
204.316
204.317
204.318
205.292
205.293
205.294
205.295
205.296
205.297
205.314
205.315
205.316
205.317
205.318
206.292
206.293
206.294
206.295
206.296
206.297
206.314
206.315
206.316
206.317
207.291
207.292
207.293
207.294
207.295
207.296
207.314
207.315
207.316
207.317
208.291
208.292
208.293
208.294
208.295
208.296
208.314
208.315
208.316
208.317
209.291
209.292
209.293
209.294
209.295
209.313
209.314
209.315
209.316
209.317
210.290
210.291
210.292
210.293
210.294
210.295
210.313
210.314
210.315
210.316
210.317
211.290
211.291
211.292
211.293
211.294
211.313
211.314
211.315
211.316
212.289
212.290
212.291
212.292
212.293
212.294
212.313
212.314
212.315
212.316
213.289
213.290
213.291
213.292
213.293
213.294
213.312
213.313
213.314
213.315
213.316
214.288
214.289
214.290
214.291
214.292
214.293
214.312
214.313
214.314
214.315
214.316
215.288
215.289
215.290
215.291
215.292
215.293
215.311
215.312
215.313
215.314
215.315
216.288
216.289
216.290
216.291
216.292
216.311
216.312
216.313
216.314
216.315
217.287
217.288
217.289
217.290
217.291
217.292
217.311
217.312
217.313
217.314
217.315
218.287
218.288
218.289
218.290
218.291
218.311
218.312
218.313
218.314
218.315
219.286
219.287
219.288
219.289
219.290
219.291
219.310
219.311
219.312
219.313
219.314
220.286
220.287
220.288
220.289
220.290
220.291
220.309
220.310
220.311
220.312
220.313
220.314
221.285
221.286
221.287
221.288
221.289
221.290
221.305
221.309
221.310
221.311
221.312
221.313
221.314
222.285
222.286
222.287
222.288
222.289
222.290
222.303
222.305
222.309
222.310
222.311
222.312
222.313
223.285
223.286
223.287
223.288
223.289
223.303
223.305
223.309
223.310
223.311
223.312
223.313
224.284
224.285
224.286
224.287
224.288
224.289
224.303
224.309
224.310
224.311
224.312
224.313
225.284
225.285
225.286
225.287
225.288
225.289
225.302
225.303
225.304
225.309
225.310
225.311
225.312
225.313
226.283
226.284
226.285
226.286
226.287
226.288
226.302
226.303
226.304
226.309
226.310
226.311
226.312
226.313
227.283
227.284
227.285
227.286
227.287
227.288
227.301
227.302
227.303
227.309
227.310
227.311
227.312
228.282
228.283
228.284
228.285
228.286
228.287
228.301
228.302
228.303
228.309
228.310
228.311
228.312
229.282
229.283
229.284
229.285
229.286
229.287
229.301
229.302
229.303
229.309
229.310
229.311
229.312
230.281
230.282
230.283
230.284
230.285
230.286
230.300
230.301
230.302
230.303
230.308
230.309
230.310
230.311
230.312
231.281
231.282
231.283
231.284
231.285
231.286
231.300
231.301
231.302
231.303
231.308
231.309
231.310
231.311
231.312
232.281
232.282
232.283
232.284
232.285
232.300
232.301
232.302
232.308
232.309
232.310
232.311
233.280
233.281
233.282
233.283
233.284
233.285
233.300
233.301
233.302
233.308
233.309
233.310
233.311
234.280
234.281
234.282
234.283
234.284
234.285
234.300
234.301
234.302
234.307
234.308
234.309
234.310
234.311
235.279
235.280
235.281
235.282
235.283
235.284
235.300
235.301
235.307
235.308
235.309
235.310
235.311
236.278
236.279
236.280
236.281
236.282
236.283
236.284
236.300
236.301
236.307
236.308
236.309
236.310
236.311
237.279
237.280
237.281
237.282
237.283
237.300
237.307
237.308
237.309
237.310
238.277
238.279
238.280
238.281
238.282
238.283
238.300
238.306
238.307
238.308
238.309
238.310
239.279
239.280
239.281
239.282
239.283
239.306
239.307
239.308
239.309
239.310
240.276
240.279
240.280
240.281
240.282
240.306
240.307
240.308
240.309
240.310
241.279
241.280
241.281
241.282
241.305
241.306
241.307
241.309
242.279
242.280
242.281
242.282
242.305
242.306
242.307
242.309
243.279
243.280
243.281
243.305
243.306
243.307
243.309
244.279
244.280
244.305
244.306
244.307
245.279
245.280
245.304
245.305
245.306
246.279
246.304
246.305
246.306
247.279
247.304
247.305
247.306
248.304
248.305
249.303
249.304
249.305
250.303
250.304
250.305
251.303
251.304
251.305
252.270
252.302
252.303
252.304
253.302
253.303
253.304
254.302
254.303
254.304
255.301
255.302
255.303
255.304
256.301
256.302
256.303
257.300
257.301
257.302
257.303
258.300
258.301
258.302
258.303
259.300
259.301
259.302
259.303
260.300
260.301
260.302
261.300
261.301
261.302
262.300
262.301
262.302
263.300
263.301
263.302
264.300
264.301
264.302
265.300
265.301
266.300
266.301
267.300
267.301
268.300
269.300
270.300
271.288
271.300
272.288
273.275
273.288
274.274
274.275
274.288
275.273
275.274
275.275
275.288
276.273
276.274
276.275
276.288
277.272
277.273
277.274
277.275
277.288
278.272
278.273
278.274
278.275
278.288
279.271
279.272
279.273
279.274
279.275
279.288
280.271
280.272
280.273
280.274
280.275
280.288
281.271
281.272
281.273
281.274
281.275
282.271
282.272
282.273
282.274
282.275
283.271
283.272
283.273
283.274
284.271
284.272
284.273
285.271
285.272
285.273
286.271
286.272
287.271
287.272
288.271
289.271
299.183
299.184
299.185
300.183
300.184
300.185
301.183
301.184
301.185
305.265
307.264
311.262
313.260
313.261
317.258
319.257
331.257
332.250
332.257
333.250
333.256
333.257
334.249
334.250
334.255
334.256
334.257
335.248
335.249
335.250
335.255
335.256
335.257
336.248
336.249
336.250
336.254
336.255
336.256
336.257
337.247
337.248
337.249
337.250
337.253
337.254
337.255
337.256
337.257
338.246
338.247
338.248
338.249
338.250
338.253
338.254
338.255
338.256
338.257
339.246
339.247
339.248
339.249
339.250
339.252
339.253
339.254
339.255
339.256
339.257
340.246
340.247
340.248
340.249
340.250
340.252
340.253
340.254
340.255
340.256
340.257
341.246
341.247
341.248
341.249
341.250
341.251
341.252
341.253
341.254
341.255
341.256
341.257
342.246
342.247
342.248
342.249
342.250
342.251
342.252
342.253
342.254
342.255
342.256
342.257
343.246
343.247
343.248
343.249
343.251
343.252
343.253
343.254
343.255
343.256
343.257
344.246
344.247
344.248
344.249
344.251
344.252
344.253
344.254
344.255
344.256
344.257
345.246
345.247
345.248
345.251
345.252
345.253
345.254
345.255
345.256
345.257
346.246
346.247
346.251
346.252
346.253
346.254
346.255
346.256
346.257
347.246
347.251
347.252
347.253
347.254
347.255
347.256
347.257
348.251
348.252
348.253
348.254
348.255
348.256
348.257
349.251
349.252
349.253
349.254
349.255
349.256
349.257
350.251
350.252
350.253
350.254
350.255
350.256
350.257
351.251
351.252
351.253
351.254
351.255
351.256
351.257
352.251
352.252
352.253
352.254
352.255
352.256
352.257
353.251
353.252
353.253
353.254
353.255
353.256
353.257
354.251
354.252
354.253
354.254
354.255
354.256
354.257
355.251
355.252
355.253
355.254
355.255
355.256
355.257
356.251
356.252
356.253
356.254
356.255
356.256
356.257
357.251
357.252
357.253
357.254
357.255
357.256
357.257
358.250
358.251
358.252
358.253
358.254
358.255
358.256
359.250
359.251
359.252
359.253
359.254
359.255
360.249
360.250
360.251
360.252
360.253
360.254
360.255
361.249
361.250
361.251
361.252
361.253
361.254
362.248
362.249
362.250
362.251
362.252
362.253
363.248
363.249
363.250
363.251
363.252
363.253
364.247
364.248
364.249
364.250
364.251
364.252
365.246
365.247
365.248
365.249
365.250
365.251
366.246
366.247
366.248
366.249
366.250
366.251
367.245
367.246
367.247
367.248
367.249
367.250
367.251
368.245
368.246
368.247
368.248
368.249
368.250
369.244
369.245
369.246
369.247
369.248
369.249
369.250
370.243
370.244
370.245
370.246
370.247
370.248
370.249
371.242
371.243
371.244
371.245
371.246
371.247
371.248
371.249
372.242
372.243
372.244
372.245
372.246
372.247
372.248
373.241
373.242
373.243
373.244
373.245
373.246
373.247
373.248
374.241
374.242
374.243
374.244
374.245
374.246
374.247
374.248
375.240
375.241
375.242
375.243
375.244
375.245
375.246
375.247
376.239
376.240
376.241
376.242
376.243
376.244
376.245
376.246
376.247
377.238
377.239
377.240
377.241
377.242
377.243
377.244
377.245
377.246
377.247
378.238
378.239
378.240
378.241
378.242
378.243
378.244
378.245
378.246
378.247
379.238
379.239
379.240
379.241
379.242
379.243
379.244
379.245
379.246
379.247
380.238
380.239
380.240
380.241
380.242
380.243
380.244
380.245
380.246
380.247
381.238
381.239
381.240
381.241
381.242
381.243
381.244
381.245
381.246
381.247
382.238
382.239
382.240
382.241
382.242
382.243
382.244
382.245
382.246
382.247
383.238
383.239
383.240
383.241
383.242
383.243
383.244
383.245
383.246
383.247
384.238
384.239
384.240
384.241
384.242
384.243
384.244
384.245
384.246
384.247
385.238
385.239
385.240
385.241
385.242
385.243
385.244
385.245
385.246
385.247
386.238
386.239
386.240
386.241
386.242
386.243
386.244
386.245
386.246
386.247
387.238
387.239
387.240
387.241
387.242
387.243
387.244
387.245
387.246
388.238
388.239
388.240
388.241
388.242
388.243
388.244
388.245
388.246
389.238
389.239
389.240
389.241
389.242
389.243
389.244
389.245
390.238
390.239
390.240
390.241
390.242
390.243
390.244
390.245
391.238
391.239
391.240
391.241
391.242
391.243
391.244
392.238
392.239
392.240
392.241
392.242
392.243
393.238
393.239
393.240
393.241
393.242
393.243
394.238
394.239
394.240
394.241
394.242
395.238
395.239
395.240
395.241
396.238
396.239
396.240
396.241
397.238
397.239
397.240
398.238
398.239
398.240
399.238
399.239
400.238
400.239
401.238
402.238
577.238
577.240
578.238
578.240
579.237
579.238
579.239
579.240
580.237
580.238
580.239
580.240
581.236
581.237
581.238
581.239
581.240
582.236
582.237
582.238
582.239
582.240
583.236
583.237
583.238
583.239
583.240
584.235
584.236
584.237
584.238
584.239
584.240
585.235
585.236
585.237
585.238
585.239
585.240
586.234
586.235
586.236
586.237
586.238
586.239
587.234
587.235
587.236
587.237
587.238
587.239
588.234
588.235
588.236
588.237
588.238
588.239
588.240
589.233
589.234
589.235
589.236
589.237
589.238
589.240
590.233
590.234
590.235
590.236
590.237
590.238
591.232
591.233
591.234
591.235
591.236
591.237
591.238
591.239
592.232
592.233
592.234
592.235
592.236
592.237
592.239
593.232
593.233
593.234
593.235
593.236
593.238
594.231
594.232
594.233
594.234
594.235
594.236
594.238
595.231
595.232
595.233
595.234
595.235
595.237
595.238
596.230
596.231
596.232
596.233
596.234
596.235
596.236
596.237
597.230
597.231
597.232
597.233
597.234
597.235
597.236
597.237
598.230
598.231
598.232
598.233
598.234
598.235
598.236
598.237
599.229
599.230
599.231
599.232
599.233
599.234
599.235
599.236
599.237
600.229
600.230
600.231
600.232
600.233
600.234
600.235
600.236
600.237
601.228
601.229
601.230
601.231
601.232
601.233
601.234
601.235
601.236
601.237
602.228
602.229
602.230
602.231
602.232
602.233
602.234
602.235
602.236
602.237
603.227
603.228
603.229
603.230
603.231
603.232
603.233
603.234
603.235
603.236
604.227
604.228
604.229
604.230
604.231
604.232
604.233
604.234
604.235
604.236
605.227
605.228
605.229
605.230
605.231
605.232
605.233
605.234
605.235
605.236
606.226
606.227
606.228
606.229
606.230
606.231
606.232
606.233
606.234
606.235
606.236
607.226
607.227
607.228
607.229
607.230
607.231
607.232
607.233
607.234
607.235
607.236
607.237
608.225
608.226
608.227
608.228
608.229
608.230
608.231
608.232
608.233
608.234
608.235
608.236
608.237
609.225
609.226
609.227
609.228
609.229
609.230
609.231
609.232
609.233
609.234
609.235
609.236
609.237
610.224
610.225
610.226
610.227
610.228
610.229
610.230
610.231
610.232
610.233
610.234
610.235
610.236
610.237
611.224
611.225
611.226
611.227
611.228
611.229
611.230
611.231
611.232
611.233
611.234
611.235
611.236
611.237
612.223
612.224
612.225
612.226
612.227
612.228
612.229
612.230
612.231
612.232
612.233
612.234
612.235
612.236
612.237
613.223
613.224
613.225
613.226
613.227
613.228
613.229
613.230
613.231
613.232
613.233
613.234
613.235
613.236
613.237
614.222
614.223
614.224
614.225
614.226
614.227
614.228
614.229
614.230
614.231
614.232
614.233
614.234
614.235
614.236
614.237
615.222
615.223
615.224
615.225
615.226
615.227
615.228
615.229
615.230
615.231
615.232
615.233
615.234
615.235
615.236
615.237
616.221
616.222
616.223
616.224
616.225
616.226
616.227
616.228
616.229
616.230
616.231
616.232
616.233
616.234
616.235
616.236
616.237
617.221
617.222
617.223
617.224
617.225
617.226
617.227
617.228
617.229
617.230
617.231
617.232
617.233
617.234
617.235
617.236
617.237
618.220
618.221
618.222
618.223
618.224
618.225
618.226
618.227
618.228
618.229
618.230
618.231
618.232
618.233
618.234
618.235
618.236
618.237
619.220
619.221
619.222
619.223
619.224
619.225
619.226
619.227
619.228
619.229
619.230
619.231
619.232
619.233
619.234
619.235
619.236
619.237
620.219
620.220
620.221
620.222
620.223
620.224
620.225
620.226
620.227
620.228
620.229
620.230
620.231
620.232
620.233
620.234
620.235
620.236
620.237
621.219
621.220
621.221
621.222
621.223
621.224
621.225
621.226
621.227
621.228
621.229
621.230
621.231
621.232
621.233
621.234
621.235
621.236
621.237
622.218
622.219
622.220
622.221
622.222
622.223
622.224
622.225
622.226
622.227
622.228
622.229
622.230
622.231
622.232
622.233
622.234
622.235
622.236
622.237
623.218
623.219
623.220
623.221
623.222
623.223
623.224
623.225
623.226
623.227
623.228
623.229
623.230
623.231
623.232
623.233
623.234
623.235
623.236
623.237
624.217
624.218
624.219
624.220
624.221
624.222
624.223
624.224
624.225
624.226
624.227
624.228
624.229
624.230
624.231
624.232
624.233
624.234
624.235
624.236
624.237
625.217
625.218
625.219
625.220
625.221
625.222
625.223
625.224
625.225
625.226
625.227
625.228
625.229
625.230
625.231
625.232
625.233
625.234
625.235
625.236
625.237
626.217
626.218
626.219
626.220
626.221
626.222
626.223
626.224
626.225
626.226
626.227
626.228
626.229
626.230
626.231
626.232
626.233
626.234
626.235
626.236
626.237
627.217
627.218
627.219
627.220
627.221
627.222
627.223
627.224
627.225
627.226
627.227
627.228
627.229
627.230
627.231
627.232
627.233
627.234
627.235
627.236
627.237
628.217
628.218
628.219
628.220
628.221
628.222
628.223
628.224
628.225
628.226
628.227
628.228
628.229
628.230
628.231
628.232
628.233
628.234
628.235
628.236
628.237
628.239
629.217
629.218
629.219
629.220
629.221
629.222
629.223
629.224
629.225
629.226
629.227
629.228
629.229
629.230
629.231
629.232
629.233
629.234
629.235
629.236
629.237
630.217
630.218
630.219
630.220
630.221
630.222
630.223
630.224
630.225
630.226
630.227
630.228
630.229
630.230
630.231
630.232
630.233
630.234
630.235
630.236
630.237
631.217
631.218
631.219
631.220
631.221
631.222
631.223
631.224
631.225
631.226
631.227
631.228
631.229
631.230
631.231
631.232
631.233
631.234
631.235
631.236
631.237
631.238
632.217
632.218
632.219
632.220
632.221
632.222
632.223
632.224
632.225
632.226
632.227
632.228
632.229
632.230
632.231
632.232
632.233
632.234
632.235
632.236
632.237
633.217
633.218
633.219
633.220
633.221
633.222
633.223
633.224
633.225
633.226
633.227
633.228
633.229
633.230
633.231
633.232
633.233
633.234
633.235
633.236
633.237
634.217
634.218
634.219
634.220
634.221
634.222
634.223
634.224
634.225
634.226
634.227
634.228
634.229
634.230
634.231
634.232
634.233
634.234
634.235
634.236
634.237
635.217
635.218
635.219
635.220
635.221
635.222
635.223
635.224
635.225
635.226
635.227
635.228
635.229
635.230
635.231
635.232
635.233
635.234
635.235
635.236
636.217
636.219
636.220
636.221
636.222
636.223
636.224
636.225
636.226
636.227
636.228
636.229
636.230
636.231
636.232
636.233
636.234
636.235
636.236
637.217
637.219
637.220
637.221
637.222
637.223
637.224
637.225
637.226
637.227
637.228
637.229
637.230
637.231
637.232
637.233
637.234
637.235
637.236
638.219
638.221
638.222
638.223
638.224
638.225
638.226
638.227
638.228
638.229
638.230
638.231
638.232
638.233
638.234
638.235
639.219
639.221
639.222
639.223
639.224
639.225
639.226
639.227
639.228
639.229
639.230
639.231
639.232
639.233
639.234
639.235
640.221
640.222
640.223
640.224
640.225
640.226
640.227
640.228
640.229
640.230
640.231
640.232
640.233
640.234
640.235
641.221
641.222
641.223
641.224
641.225
641.226
641.227
641.228
641.229
641.230
641.231
641.232
641.233
641.234
642.221
642.222
642.223
642.224
642.225
642.226
642.227
642.228
642.229
642.230
642.231
642.232
642.233
642.234
643.221
643.222
643.223
643.224
643.225
643.226
643.227
643.228
643.229
643.230
643.231
643.232
643.233
643.234
644.221
644.222
644.223
644.224
644.225
644.226
644.227
644.228
644.229
644.230
644.231
644.232
644.233
645.221
645.222
645.223
645.224
645.225
645.226
645.227
645.228
645.229
645.230
645.231
645.232
645.233
646.221
646.223
646.224
646.225
646.226
646.227
646.228
646.229
646.230
646.231
646.232
646.233
647.223
647.224
647.225
647.226
647.227
647.228
647.229
647.230
647.231
647.232
648.223
648.225
648.226
648.227
648.228
648.229
648.230
648.231
648.232
649.225
649.226
649.227
649.228
649.229
649.230
649.231
649.232
650.225
650.226
650.227
650.228
650.229
650.230
650.231
651.225
651.226
651.227
651.228
651.229
651.230
651.231
652.195
652.197
652.225
652.226
652.227
652.228
652.229
652.230
653.194
653.195
653.196
653.197
653.225
653.226
653.227
653.228
653.229
653.230
654.192
654.193
654.194
654.195
654.196
654.197
654.225
654.226
654.227
654.228
654.229
654.230
655.191
655.192
655.193
655.194
655.195
655.196
655.225
655.228
655.229
656.188
656.189
656.190
656.191
656.192
656.193
656.194
656.195
656.228
656.229
657.185
657.186
657.187
657.188
657.189
657.190
657.191
657.192
657.193
657.194
657.195
657.227
657.228
657.229
658.181
658.182
658.183
658.184
658.185
658.186
658.187
658.188
658.189
658.190
658.191
658.192
658.193
658.194
658.195
658.227
658.228
659.181
659.182
659.183
659.184
659.185
659.186
659.187
659.188
659.189
659.190
659.191
659.192
659.193
659.194
659.195
659.227
659.228
660.181
660.182
660.183
660.184
660.185
660.186
660.187
660.188
660.189
660.190
660.191
660.192
660.193
660.194
660.195
660.227
661.182
661.183
661.184
661.185
661.186
661.187
661.188
661.189
661.190
661.191
661.192
661.193
661.194
661.227
662.182
662.183
662.184
662.185
662.186
662.187
662.188
662.189
662.190
662.191
662.193
663.182
663.183
663.184
663.185
663.186
663.187
663.188
663.189
663.190
663.191
664.183
664.184
664.185
664.186
664.187
664.188
664.189
665.185
665.186
665.187
