024.348
025.348
025.349
026.347
026.348
026.350
027.346
027.347
027.348
027.351
028.347
028.351
029.345
029.347
029.350
029.351
030.350
030.351
031.344
031.348
031.350
031.351
032.342
032.343
032.349
032.350
032.351
033.342
033.343
033.349
033.350
033.351
034.341
034.342
034.347
034.349
034.350
034.351
035.340
035.341
035.342
035.348
035.349
035.350
036.339
036.340
036.341
036.342
036.348
036.349
036.350
037.339
037.340
037.341
037.342
037.348
037.349
037.350
038.338
038.339
038.340
038.341
038.342
038.347
038.348
038.349
038.350
039.338
039.339
039.340
039.341
039.342
039.347
039.348
039.349
039.350
040.337
040.338
040.339
040.340
040.341
040.342
040.347
040.348
040.349
040.350
041.337
041.338
041.339
041.340
041.341
041.342
041.346
041.347
041.348
041.349
041.350
042.336
042.337
042.338
042.339
042.340
042.341
042.346
042.347
042.348
042.349
043.336
043.337
043.338
043.339
043.340
043.341
043.346
043.347
043.348
043.349
044.335
044.336
044.337
044.338
044.339
044.340
044.341
044.345
044.346
044.347
044.348
044.349
045.334
045.335
045.336
045.337
045.338
045.339
045.340
045.341
045.345
045.346
045.347
045.348
045.349
046.334
046.335
046.336
046.337
046.338
046.339
046.340
046.341
046.345
046.346
046.347
046.348
047.334
047.335
047.336
047.337
047.338
047.339
047.340
047.344
047.345
047.346
047.347
047.348
048.333
048.334
048.335
048.336
048.337
048.338
048.339
048.344
048.345
048.346
048.347
048.348
049.333
049.334
049.335
049.336
049.337
049.338
049.339
049.343
049.344
049.345
049.346
049.347
049.348
050.332
050.333
050.334
050.335
050.336
050.337
050.338
050.343
050.344
050.345
050.346
050.347
050.348
051.332
051.333
051.334
051.335
051.336
051.337
051.338
051.342
051.343
051.344
051.345
051.346
051.347
051.348
052.331
052.333
052.334
052.335
052.336
052.337
052.341
052.342
052.343
052.344
052.345
052.346
052.347
052.348
053.333
053.334
053.335
053.336
053.337
053.341
053.342
053.343
053.344
053.345
053.346
053.347
053.348
054.330
054.333
054.334
054.335
054.336
054.341
054.342
054.343
054.344
054.345
054.346
054.347
055.333
055.334
055.335
055.336
055.340
055.341
055.342
055.343
055.344
055.345
055.346
055.347
056.329
056.333
056.334
056.335
056.340
056.341
056.342
056.343
056.344
056.345
056.346
056.347
057.333
057.334
057.335
057.339
057.340
057.341
057.342
057.343
057.344
057.346
057.347
058.328
058.335
058.339
058.340
058.341
058.342
058.343
058.344
058.346
059.339
059.340
059.341
059.342
059.344
059.346
060.339
060.340
060.341
060.342
060.345
060.346
061.339
061.340
061.341
061.342
061.345
061.346
062.325
062.338
062.339
062.340
062.341
062.342
062.345
063.338
063.339
063.340
063.341
063.345
064.338
064.339
064.340
064.341
064.344
064.345
065.323
065.338
065.339
065.340
065.344
065.345
066.322
066.338
066.339
066.340
066.344
067.338
067.339
067.340
067.344
068.338
068.339
068.344
069.338
069.339
069.344
070.338
070.339
070.344
071.338
071.339
071.344
072.338
072.344
073.338
073.343
073.344
074.338
074.343
074.344
075.343
075.344
076.343
076.344
077.343
077.344
078.342
078.343
079.342
080.342
081.340
081.342
082.332
082.340
082.341
082.342
082.343
083.332
083.340
083.341
084.340
084.341
085.339
085.340
085.341
086.339
086.340
086.341
087.340
088.338
088.340
089.332
089.338
089.340
090.338
090.340
091.340
092.339
093.339
094.339
095.339
096.339
097.338
097.339
104.323
105.323
106.316
106.322
106.323
107.315
107.316
107.322
107.323
108.315
108.316
108.322
108.323
109.314
109.315
109.316
109.322
109.323
110.313
110.314
110.315
110.316
110.322
110.323
111.313
111.314
111.315
111.316
111.322
111.323
111.337
112.312
112.313
112.314
112.315
112.316
112.322
112.323
113.312
113.313
113.314
113.315
113.316
113.322
114.312
114.313
114.314
114.315
114.316
114.322
115.311
115.312
115.313
115.314
115.315
115.316
115.322
116.311
116.312
116.313
116.314
116.315
116.336
117.310
117.311
117.312
117.313
117.314
117.315
117.336
118.310
118.311
118.312
118.313
118.314
119.309
119.310
119.311
119.312
119.313
120.309
120.310
120.311
120.312
120.313
121.308
121.309
121.310
121.311
121.312
122.307
122.308
122.309
122.310
122.311
122.312
122.335
123.306
123.307
123.309
123.310
123.311
124.305
124.306
124.309
124.310
124.311
125.305
125.306
125.309
125.310
126.304
126.305
126.308
126.309
126.310
127.304
127.305
127.308
127.309
128.303
128.304
128.307
128.308
128.309
129.303
129.304
129.307
129.308
130.302
130.303
130.306
130.307
130.308
131.302
131.303
131.306
131.307
132.301
132.302
132.305
132.306
132.307
133.301
133.305
133.306
134.300
134.301
134.305
134.306
135.300
135.301
135.305
136.300
136.305
137.312
138.299
139.299
140.298
166.306
167.306
181.304
187.293
225.278
226.278
227.278
228.277
228.278
229.277
230.276
230.277
231.276
231.277
232.275
232.276
232.277
233.274
233.275
233.276
233.277
233.278
234.274
234.275
234.276
234.277
234.278
235.273
235.274
235.275
235.276
235.277
235.278
236.273
236.274
236.275
236.276
236.277
237.272
237.273
237.274
237.275
237.276
237.277
238.272
238.273
238.274
238.275
238.276
239.271
239.272
239.273
239.274
239.275
239.276
240.271
240.272
240.273
240.274
240.275
241.271
241.272
241.273
241.274
241.275
242.270
242.271
242.272
242.273
242.274
242.275
243.270
243.271
243.272
243.273
243.274
244.270
244.271
244.272
244.273
245.270
245.271
245.272
245.273
246.270
246.271
246.272
247.238
247.270
247.271
247.272
248.238
248.270
248.271
249.270
249.271
250.270
251.270
280.260
423.258
662.192
