168.294
176.296
270.242
169.290
131.313
121.303
185.296
325.255
144.299
167.300
229.281
303.267
171.304
146.296
218.285
136.301
220.285
166.289
153.292
114.305
125.303
170.294
197.294
124.317
199.299
122.320
156.290
154.304
313.262
332.252
327.255
127.318
165.305
128.315
273.241
122.316
120.319
190.301
329.256
171.292
182.283
190.294
059.334
144.311
186.283
310.265
196.295
147.296
180.285
326.255
230.278
166.295
129.306
168.302
324.255
114.321
097.324
180.301
144.300
120.302
138.313
178.295
199.291
117.303
117.319
348.238
158.301
330.257
161.294
159.305
174.289
255.252
181.299
221.280
205.289
335.254
121.318
183.300
127.300
184.298
243.260
182.297
173.305
261.249
168.288
113.320
314.265
215.287
162.302
175.301
106.324
231.278
165.293
170.306
193.296
327.258
215.283
224.279
156.304
157.304
223.280
320.256
226.281
118.317
149.294
156.293
170.297
205.291
168.293
222.284
194.300
134.303
167.296
123.317
150.305
168.291
125.307
184.296
154.307
150.293
134.312
154.290
178.287
336.252
200.293
198.300
311.264
099.323
145.309
140.301
173.294
163.306
125.302
212.285
114.311
161.303
169.301
164.300
173.297
320.260
189.297
353.238
188.297
172.294
198.292
151.297
211.289
148.296
142.297
188.281
104.324
328.254
199.292
119.305
228.279
149.305
061.333
125.316
189.303
160.306
126.315
164.289
202.289
137.303
201.289
155.290
187.303
185.285
136.313
120.306
095.323
123.303
170.303
318.260
131.305
164.292
139.300
179.296
192.294
202.290
169.294
184.301
178.303
122.302
160.290
321.256
187.295
322.258
177.301
309.264
321.259
139.313
180.303
161.290
314.256
193.299
188.294
128.306
165.290
189.296
129.313
337.252
135.313
122.303
121.319
214.284
189.280
173.304
185.304
123.302
206.288
128.317
130.316
166.296
130.314
176.300
098.325
195.296
324.254
169.297
148.297
192.299
177.296
273.238
166.303
117.320
271.242
097.325
172.291
112.321
158.293
158.294
189.304
359.238
171.293
213.288
183.286
135.304
172.289
222.283
098.324
309.267
202.293
226.279
256.252
116.305
185.284
142.301
142.310
322.262
318.256
191.296
149.308
187.300
317.256
153.305
143.296
185.297
354.238
327.256
120.305
179.299
180.286
176.289
144.308
152.293
319.260
128.314
191.303
170.293
229.280
269.244
217.282
125.308
155.293
155.307
323.255
186.291
140.309
187.280
206.289
173.301
250.256
214.287
210.288
146.310
151.294
198.299
310.267
177.300
225.280
157.295
097.326
142.298
127.301
195.299
164.302
183.295
203.291
130.301
125.317
188.295
329.253
184.285
165.302
263.248
175.304
126.302
159.306
127.307
302.267
218.286
167.292
156.295
194.302
312.265
216.286
179.286
095.324
169.293
141.302
228.280
174.298
249.256
174.305
152.308
336.251
173.286
145.295
146.308
124.318
190.281
217.283
167.293
158.303
138.300
150.294
151.308
175.298
169.302
156.305
320.261
103.324
110.324
152.304
147.295
161.304
127.317
215.284
190.302
184.297
109.324
170.305
178.297
321.261
170.296
112.320
192.296
320.259
275.239
108.324
149.295
226.280
160.291
192.280
124.304
332.251
162.294
315.263
181.296
205.290
159.293
174.286
163.300
328.256
184.303
176.286
179.300
182.304
338.252
161.296
123.308
160.304
171.299
122.318
162.300
215.285
334.254
137.300
118.304
158.304
201.290
159.291
156.302
146.298
165.291
138.303
186.296
086.331
194.299
264.247
187.304
134.315
129.301
121.301
155.289
167.298
167.303
194.292
169.292
136.303
174.300
168.292
137.304
102.324
135.312
325.257
177.297
314.263
170.299
166.304
152.307
136.311
132.304
225.282
175.295
271.243
101.327
277.239
220.283
331.253
213.287
188.280
188.299
193.298
229.278
184.281
184.291
173.291
257.251
118.318
189.299
323.258
198.291
327.257
200.299
251.255
176.298
182.281
310.263
126.300
310.266
161.301
326.253
172.288
180.283
131.315
315.260
163.304
217.286
155.296
322.256
272.241
312.264
170.290
189.301
174.292
143.298
204.291
240.262
093.326
155.303
141.301
265.245
138.311
186.304
179.298
276.238
152.295
219.282
264.246
168.304
160.292
146.299
190.280
187.301
172.301
147.308
124.319
318.262
122.300
180.299
153.308
162.305
170.301
210.285
198.298
179.285
102.326
217.284
333.253
194.296
143.311
335.253
100.324
135.303
157.296
173.289
313.263
202.292
142.299
123.301
175.285
182.295
137.311
105.325
130.300
175.303
161.292
173.299
320.258
172.296
216.283
149.296
156.296
154.296
126.303
117.306
097.323
100.326
101.326
166.290
171.290
200.291
150.307
103.323
131.316
124.307
324.258
155.306
195.293
177.303
338.251
195.300
207.289
059.333
308.266
157.289
147.298
146.309
178.289
310.264
116.319
151.307
258.251
159.295
223.284
232.280
190.296
221.283
349.238
325.256
183.281
156.306
167.304
178.296
198.294
188.296
162.292
173.296
200.294
212.287
225.281
331.256
148.298
189.281
157.292
196.301
183.297
176.302
124.316
195.294
159.289
177.298
317.259
184.280
336.253
322.259
096.325
192.297
128.316
147.294
180.297
178.302
224.281
182.298
145.296
303.266
212.286
184.295
172.287
104.325
191.298
227.280
333.251
173.288
176.297
185.302
159.301
308.256
162.291
222.280
160.295
102.323
136.302
149.297
221.282
122.305
114.304
323.257
138.312
155.305
152.306
123.319
170.295
058.334
199.290
139.311
329.255
176.295
149.298
172.302
117.318
157.293
147.299
154.303
221.281
165.304
260.250
113.305
190.298
143.310
134.302
234.279
219.284
210.287
173.293
152.291
126.306
193.292
139.303
121.317
129.315
333.254
196.298
175.302
178.284
154.293
129.317
266.245
264.248
197.295
274.238
151.293
205.288
160.289
325.254
195.298
133.304
168.301
180.300
144.296
186.284
131.300
124.301
208.289
120.303
158.296
161.293
101.324
223.281
118.319
190.291
163.290
165.295
181.284
224.282
198.290
150.292
191.293
178.299
196.292
143.309
314.260
120.320
167.305
190.295
331.252
309.265
158.305
335.251
115.320
162.303
322.260
316.265
309.256
115.319
147.297
320.262
265.247
192.291
163.302
170.298
268.244
319.262
199.293
191.295
162.296
315.262
167.295
176.285
330.251
226.282
181.298
119.304
132.314
166.291
184.300
160.305
150.306
326.256
209.287
143.308
182.284
140.302
189.298
187.296
227.281
179.284
188.302
187.282
210.286
193.293
114.319
330.252
273.239
123.300
321.257
122.301
318.261
188.282
125.301
150.296
154.306
127.303
313.266
171.306
158.295
125.315
163.301
166.301
123.316
176.292
167.290
158.290
157.305
192.301
274.239
318.258
197.298
157.301
137.302
189.302
145.308
120.318
219.281
169.295
168.299
311.263
204.292
136.314
130.315
304.266
148.294
164.306
208.287
169.298
129.314
174.302
180.298
175.297
153.295
179.304
107.324
174.295
058.333
141.299
177.295
218.282
158.292
166.302
172.299
157.291
195.295
156.289
135.314
180.302
176.301
183.299
333.252
317.261
318.264
321.262
214.285
147.293
172.290
209.290
178.283
183.283
308.265
185.301
169.289
146.307
331.251
186.298
266.246
118.320
337.251
143.301
169.305
194.294
213.285
254.253
167.291
162.290
160.293
232.279
328.258
305.267
350.238
228.281
204.288
160.302
176.288
170.292
332.255
179.302
091.327
211.285
263.247
149.309
201.298
324.260
269.243
191.302
181.300
124.300
094.325
174.290
323.256
172.303
191.301
201.292
181.285
163.296
339.251
212.288
202.298
193.301
184.282
116.304
187.291
190.297
098.323
145.310
157.294
194.298
139.312
169.300
311.267
131.301
141.311
153.306
117.304
322.261
143.300
207.290
191.297
271.241
145.299
312.266
096.326
128.301
173.302
171.288
140.311
306.266
163.303
111.321
203.292
253.254
320.263
220.281
175.292
333.255
158.291
319.261
156.294
164.295
166.305
168.298
207.287
126.301
308.264
179.287
171.300
166.292
118.306
161.302
151.295
188.303
189.291
153.296
326.259
159.290
327.254
224.283
165.289
196.291
187.281
167.302
148.293
157.290
165.301
316.264
331.254
175.287
115.304
329.252
149.293
262.248
178.298
170.289
171.296
216.287
186.302
148.307
163.291
152.305
351.238
164.303
121.306
192.300
330.253
275.238
151.292
192.281
166.299
119.320
174.299
227.282
160.296
168.306
133.313
159.294
334.251
162.295
160.303
060.333
183.304
179.283
134.313
140.312
315.264
138.301
127.314
158.306
314.261
183.296
213.284
164.299
127.306
103.325
137.314
116.303
313.265
268.245
126.318
267.245
190.303
115.305
173.290
165.306
140.310
159.292
154.305
177.304
171.298
153.293
182.282
188.291
211.288
201.291
329.257
186.295
171.301
313.256
171.289
188.300
144.298
167.301
326.254
151.306
134.314
332.254
114.320
186.282
168.297
305.266
209.286
150.309
270.243
216.284
163.292
211.286
161.295
154.289
159.302
133.302
154.294
156.291
121.304
181.286
319.256
172.304
175.300
197.293
150.295
199.298
325.258
123.305
170.288
146.297
122.319
117.317
317.260
218.283
185.298
180.295
231.279
176.304
155.294
316.263
312.256
169.306
102.325
318.263
133.312
147.307
113.321
186.299
327.253
153.304
175.286
315.261
194.291
162.301
196.294
132.316
252.254
136.304
222.282
167.297
161.300
164.294
219.285
182.302
313.264
177.289
171.294
177.284
185.281
242.261
174.301
176.299
314.262
334.252
188.304
191.281
183.301
148.295
124.308
206.290
164.305
144.310
255.253
138.310
136.312
220.284
105.324
200.292
154.291
277.238
178.286
133.303
141.310
144.309
140.300
311.265
307.267
185.300
187.298
189.294
173.298
272.242
194.295
316.259
141.309
193.302
267.244
193.295
173.295
128.302
188.298
148.306
330.254
157.303
152.294
145.298
094.326
124.303
177.292
208.288
170.291
217.285
219.283
117.305
168.290
186.303
134.304
126.307
204.290
155.304
099.324
168.303
276.239
167.289
139.301
195.292
119.318
172.300
174.293
162.306
170.302
192.293
181.295
159.296
140.299
355.238
129.302
322.257
171.297
176.290
221.284
262.249
096.323
164.291
183.282
178.304
183.298
197.291
316.260
177.288
162.293
191.291
163.289
181.303
185.280
172.295
224.280
175.293
352.238
328.255
119.306
161.291
191.280
323.259
179.295
162.289
184.302
324.259
118.305
326.258
180.304
230.279
182.286
182.299
098.326
121.320
122.304
186.281
092.327
197.300
182.301
103.326
222.281
160.294
164.293
166.298
334.253
154.295
192.295
172.292
119.302
095.325
159.303
206.291
192.298
306.267
155.292
123.318
120.304
117.321
142.312
126.317
191.299
128.299
148.309
324.257
096.324
116.306
321.258
190.299
153.290
323.260
176.303
185.283
178.301
275.240
307.265
169.288
133.314
168.300
196.299
173.287
145.297
210.289
151.305
104.326
251.254
144.297
273.240
171.302
130.313
175.289
156.292
172.293
101.323
111.306
340.251
272.240
165.294
223.282
329.254
169.303
128.300
279.238
183.285
123.304
180.296
143.297
316.262
113.319
165.303
185.299
113.306
142.309
206.287
149.307
253.253
154.292
129.316
203.290
178.285
110.321
115.306
196.293
193.291
141.300
163.293
119.303
124.302
191.300
125.318
330.255
133.315
192.302
180.282
184.299
209.289
175.290
164.301
328.252
199.294
311.266
176.284
099.325
203.288
182.300
174.297
166.293
181.297
125.300
356.238
132.315
139.302
259.250
129.305
178.300
187.297
307.266
145.300
189.300
191.294
183.302
173.300
317.264
164.290
309.266
109.321
139.310
146.294
184.284
188.283
177.285
161.289
166.300
150.297
186.280
180.287
312.263
170.304
157.302
127.302
132.300
181.282
197.299
157.306
197.292
169.296
133.300
230.280
167.294
187.283
172.297
358.238
168.296
182.285
233.279
195.301
174.287
174.304
120.317
171.305
130.305
161.305
107.325
145.307
208.290
326.257
125.304
190.282
171.287
127.316
185.303
189.295
175.299
193.294
147.310
360.238
321.260
116.320
190.300
112.306
215.286
174.288
137.301
316.261
175.296
129.300
357.238
122.317
130.304
183.284
317.262
161.306
187.299
319.259
186.297
310.256
175.288
194.293
138.302
169.299
124.315
185.295
314.264
106.325
176.287
328.257
254.252
146.295
252.255
186.300
167.299
160.301
184.304
274.240
213.286
182.303
177.287
181.302
172.298
158.302
168.289
174.303
201.293
118.303
094.324
318.259
174.296
179.303
193.297
193.300
119.317
158.289
225.283
216.285
311.256
173.292
184.283
183.303
229.279
332.253
231.280
214.286
177.286
141.312
200.298
118.321
203.298
165.292
163.305
135.311
173.303
180.284
250.255
301.267
131.314
166.294
361.238
153.294
208.286
169.291
168.295
204.289
195.291
181.301
194.301
132.303
141.298
319.263
119.319
332.256
179.301
163.295
121.302
179.288
330.256
159.304
319.258
201.299
127.315
147.309
202.291
165.296
223.279
185.282
122.306
169.304
152.292
187.302
174.291
153.307
115.318
135.302
170.300
196.300
304.267
100.325
171.295
100.323
335.252
325.259
322.255
198.293
182.296
164.296
331.255
156.303
181.283
220.282
306.265
149.306
126.316
232.278
320.257
225.279
265.246
162.304
155.295
193.280
143.299
115.321
278.238
308.267
093.327
132.313
312.262
151.296
179.297
207.288
155.291
142.311
185.291
178.288
200.290
116.318
317.263
316.256
315.265
203.289
153.291
137.313
189.282
121.305
165.299
328.253
165.300
177.302
116.321
248.257
177.299
131.304
164.304
183.280
128.305
172.305
111.324
101.325
218.284
211.287
175.291
163.294
095.326
171.303
227.279
209.288
152.296
188.301
114.306
168.305
223.283
142.300
171.291
150.308
324.256
148.308
315.256
099.326
186.301
