233.293
235.293
236.293
237.292
237.293
238.292
238.293
239.291
239.292
239.293
240.291
240.292
240.293
241.293
242.290
242.291
242.292
242.293
243.290
243.291
243.292
243.293
244.293
245.289
245.290
245.291
245.292
246.289
246.290
246.291
247.289
247.290
247.291
247.292
247.293
248.288
248.289
248.290
248.291
248.292
249.288
249.289
249.290
249.291
249.292
250.289
250.290
250.291
250.292
251.287
251.288
251.289
251.290
251.291
252.287
252.288
252.289
252.290
252.291
253.287
253.288
253.291
254.286
254.287
254.288
254.290
255.286
255.288
255.289
255.290
256.286
256.287
256.289
257.285
257.286
257.287
257.288
257.289
258.287
258.288
258.289
259.285
259.286
259.287
259.288
259.289
260.284
260.285
260.286
260.287
260.288
260.289
261.284
261.285
261.286
261.287
261.288
262.285
262.286
262.287
262.288
263.283
263.284
263.285
263.286
264.283
264.284
264.285
264.286
264.287
265.283
265.284
265.285
265.286
265.287
266.282
266.283
266.285
266.286
266.287
267.283
267.284
267.285
267.286
268.282
268.283
268.284
268.285
269.281
269.282
269.283
269.284
269.286
270.281
270.282
270.283
271.281
271.282
271.283
271.284
271.285
272.281
272.282
272.283
272.284
272.285
273.280
273.282
273.283
273.284
274.279
274.280
274.282
274.283
274.284
275.279
275.280
275.281
275.282
275.283
275.284
276.279
276.280
276.281
276.282
276.283
277.279
277.280
277.281
277.282
278.279
278.280
278.281
278.282
278.283
279.280
279.281
279.282
280.279
280.280
280.281
280.282
281.279
281.280
281.281
281.282
282.280
282.281
283.279
283.280
284.279
284.281
285.279
285.280
286.279
286.280
287.279
287.280
288.279
289.279
